1649926360285939385
1649926360386355979
1649926360501638216
1649926360600499105
1649926360684914656
1649926360802530760
1649926360899941137
1649926360984907091
1649926361100041235
1649926361184997290
1649926361301349428
1649926361384056588
1649926361500438561
1649926361604206317
1649926361684979081
1649926361784207762
1649926361902380424
1649926361993534120
1649926362100497547
1649926362185062372
1649926362300189985
1649926362403118989
1649926362502096242
1649926362585242340
1649926362684020998
1649926362786090698
1649926362900144623
1649926362987725311
1649926363102163229
1649926363186018446
1649926363286427294
1649926363388199412
1649926363501274579
1649926363598187831
1649926363687278165
1649926363801567743
1649926363890470663
1649926364005708074
1649926364094897841
1649926364184690894
1649926364292593317
1649926364392562859
1649926364497579554
1649926364602969161
1649926364685772597
1649926364803110794
1649926364894173693
1649926365001333886
1649926365099101479
1649926365185814401
1649926365295931779
1649926365397392460
1649926365503318545
1649926365596184265
1649926365685140664
1649926365802275693
1649926365898686976
1649926366000548720
1649926366100048087
1649926366184458090
1649926366301039607
1649926366402331292
1649926366500560811
1649926366588118857
1649926366685243914
1649926366800277532
1649926366900575965
1649926367002904952
1649926367097475520
1649926367185314854
1649926367302170755
1649926367393570606
1649926367500272742
1649926367601986356
1649926367685153364
1649926367800299272
1649926367899252309
1649926368002684011
1649926368100195761
1649926368185113426
1649926368299193790
1649926368387703586
1649926368501653725
1649926368597474488
1649926368684545132
1649926368803274375
1649926368897424666
1649926368999958681
1649926369099208796
1649926369184546483
1649926369299220383
1649926369402227924
1649926369499869778
1649926369589799806
1649926369684168652
1649926369799419424
1649926369899597660
1649926370001138341
1649926370099532653
1649926370183654539
1649926370301284380
1649926370401884339
1649926370496936411
1649926370601603582
1649926370684080387
1649926370799397151
1649926370901460263
1649926370999534475
1649926371099534113
1649926371186008170
1649926371299464029
1649926371399218512
1649926371493924121
1649926371599378140
1649926371683419514
1649926371801246362
1649926371899404688
1649926372001454914
1649926372100194321
1649926372183624626
1649926372286320845
1649926372387970434
1649926372499301811
1649926372587909225
1649926372683848046
1649926372785716721
1649926372899630666
1649926373000793444
1649926373099742737
1649926373183658734
1649926373288514961
1649926373388171813
1649926373499797742
1649926373603726871
1649926373683890002
1649926373787826713
1649926373883579740
1649926373986569108
1649926374083410520
1649926374188044085
1649926374287791173
1649926374401970309
1649926374499835310
1649926374600008455
1649926374693005296
1649926374801668133
1649926374900206412
1649926375000150994
1649926375102058101
1649926375186024527
1649926375284401907
1649926375385610503
1649926375500577342
1649926375600899397
1649926375695210830
1649926375793855677
1649926375900188910
1649926376003924711
1649926376099718858
1649926376199966851
1649926376301247443
1649926376399871723
1649926376499950121
1649926376584812123